<
name sector
radius 0.0005
preCompDone n
nv 8
-0.00190226 -0.00527831 -0.00975
0.00171714 -0.00719173 -0.00975
0.00171714 0.00719173 -0.00975
-0.00190226 0.00527831 -0.00975
-0.00190226 -0.00527831 0.00975
0.00171714 -0.00719173 0.00975
0.00171714 0.00719173 0.00975
-0.00190226 0.00527831 0.00975
ne 12
0 1
1 2
2 3
3 0
4 5
5 6
6 7
7 4
0 4
1 5
2 6
3 7
nf 6
4 0 1 2 3
4 4 5 6 7
4 0 1 5 4
4 2 3 7 6
4 1 2 6 5
4 0 4 7 3
obb.extent 0.0023097 0.00769173 0.01
obb.e1 1 0 0
obb.e2 0 1 0
obb.e3 0 0 1
obb.center -9.25607e-05 0 0
volume 1.08322e-06
I/m 3.33333e-05 3.33333e-05 8.61997e-06
>